(kicad_pcb (version 20171130) (host pcbnew "(5.1.2-1)-1")

  (general
    (thickness 1.6)
    (drawings 53)
    (tracks 729)
    (zones 0)
    (modules 77)
    (nets 69)
  )

  (page A4)
  (layers
    (0 F.Cu signal)
    (31 B.Cu signal)
    (32 B.Adhes user)
    (33 F.Adhes user)
    (34 B.Paste user)
    (35 F.Paste user)
    (36 B.SilkS user)
    (37 F.SilkS user)
    (38 B.Mask user)
    (39 F.Mask user)
    (40 Dwgs.User user)
    (41 Cmts.User user)
    (42 Eco1.User user)
    (43 Eco2.User user)
    (44 Edge.Cuts user)
    (45 Margin user)
    (46 B.CrtYd user)
    (47 F.CrtYd user)
    (48 B.Fab user hide)
    (49 F.Fab user hide)
  )

  (setup
    (last_trace_width 0.25)
    (user_trace_width 0.254)
    (user_trace_width 0.381)
    (user_trace_width 0.508)
    (trace_clearance 0.2)
    (zone_clearance 0.25)
    (zone_45_only no)
    (trace_min 0.2)
    (via_size 0.8)
    (via_drill 0.4)
    (via_min_size 0.4)
    (via_min_drill 0.3)
    (user_via 0.6 0.3)
    (uvia_size 0.3)
    (uvia_drill 0.1)
    (uvias_allowed no)
    (uvia_min_size 0.2)
    (uvia_min_drill 0.1)
    (edge_width 0.05)
    (segment_width 0.2)
    (pcb_text_width 0.3)
    (pcb_text_size 1.5 1.5)
    (mod_edge_width 0.12)
    (mod_text_size 1 1)
    (mod_text_width 0.15)
    (pad_size 1 1)
    (pad_drill 0)
    (pad_to_mask_clearance 0.051)
    (solder_mask_min_width 0.25)
    (aux_axis_origin 0 0)
    (visible_elements FFFFFF7F)
    (pcbplotparams
      (layerselection 0x010fc_ffffffff)
      (usegerberextensions false)
      (usegerberattributes false)
      (usegerberadvancedattributes false)
      (creategerberjobfile false)
      (excludeedgelayer true)
      (linewidth 0.100000)
      (plotframeref false)
      (viasonmask false)
      (mode 1)
      (useauxorigin false)
      (hpglpennumber 1)
      (hpglpenspeed 20)
      (hpglpendiameter 15.000000)
      (psnegative false)
      (psa4output false)
      (plotreference true)
      (plotvalue true)
      (plotinvisibletext false)
      (padsonsilk false)
      (subtractmaskfromsilk false)
      (outputformat 1)
      (mirror false)
      (drillshape 0)
      (scaleselection 1)
      (outputdirectory ""))
  )

  (net 0 "")
  (net 1 GNDA)
  (net 2 "Net-(C1-Pad2)")
  (net 3 DVDD3.3V)
  (net 4 "Net-(C3-Pad1)")
  (net 5 "Net-(C3-Pad2)")
  (net 6 AVDD2.5V)
  (net 7 "Net-(C6-Pad1)")
  (net 8 AVSS-2.5V)
  (net 9 "Net-(C12-Pad1)")
  (net 10 "Net-(C14-Pad2)")
  (net 11 BIASINV)
  (net 12 "Net-(C16-Pad2)")
  (net 13 "Net-(C17-Pad2)")
  (net 14 "Net-(C20-Pad1)")
  (net 15 SRB1_Electrode)
  (net 16 SRB2_Electrode)
  (net 17 Electrode_8N)
  (net 18 Electrode_8P)
  (net 19 Electrode_7N)
  (net 20 Electrode_7P)
  (net 21 Electrode_6N)
  (net 22 Electrode_6P)
  (net 23 Electrode_5N)
  (net 24 Electrode_5P)
  (net 25 Electrode_4N)
  (net 26 Electrode_4P)
  (net 27 Electrode_3N)
  (net 28 Electrode_3P)
  (net 29 Electrode_2N)
  (net 30 Electrode_2P)
  (net 31 Electrode_1N)
  (net 32 Electrode_1P)
  (net 33 RAW)
  (net 34 Bias_Electrode)
  (net 35 RESET)
  (net 36 CS)
  (net 37 MISO)
  (net 38 DRDY)
  (net 39 SCLK)
  (net 40 CLKSEL)
  (net 41 CLK)
  (net 42 START)
  (net 43 DAISY_IN)
  (net 44 MOSI)
  (net 45 "Net-(R1-Pad1)")
  (net 46 "Net-(U2-Pad4)")
  (net 47 "Net-(U3-Pad4)")
  (net 48 "Net-(U4-Pad4)")
  (net 49 "Net-(C15-Pad1)")
  (net 50 "Net-(D2-Pad4)")
  (net 51 "Net-(R4-Pad1)")
  (net 52 "Net-(R5-Pad2)")
  (net 53 "Net-(R6-Pad1)")
  (net 54 "Net-(R7-Pad2)")
  (net 55 "Net-(R8-Pad1)")
  (net 56 "Net-(R9-Pad2)")
  (net 57 "Net-(R10-Pad1)")
  (net 58 "Net-(R11-Pad2)")
  (net 59 "Net-(R12-Pad1)")
  (net 60 "Net-(R13-Pad2)")
  (net 61 "Net-(R14-Pad1)")
  (net 62 "Net-(R15-Pad2)")
  (net 63 "Net-(R16-Pad1)")
  (net 64 "Net-(R17-Pad2)")
  (net 65 "Net-(R18-Pad1)")
  (net 66 "Net-(R19-Pad2)")
  (net 67 "Net-(R20-Pad1)")
  (net 68 "Net-(R21-Pad2)")

  (net_class Default "This is the default net class."
    (clearance 0.2)
    (trace_width 0.25)
    (via_dia 0.8)
    (via_drill 0.4)
    (uvia_dia 0.3)
    (uvia_drill 0.1)
    (add_net AVDD2.5V)
    (add_net AVSS-2.5V)
    (add_net BIASINV)
    (add_net Bias_Electrode)
    (add_net CLK)
    (add_net CLKSEL)
    (add_net CS)
    (add_net DAISY_IN)
    (add_net DRDY)
    (add_net DVDD3.3V)
    (add_net Electrode_1N)
    (add_net Electrode_1P)
    (add_net Electrode_2N)
    (add_net Electrode_2P)
    (add_net Electrode_3N)
    (add_net Electrode_3P)
    (add_net Electrode_4N)
    (add_net Electrode_4P)
    (add_net Electrode_5N)
    (add_net Electrode_5P)
    (add_net Electrode_6N)
    (add_net Electrode_6P)
    (add_net Electrode_7N)
    (add_net Electrode_7P)
    (add_net Electrode_8N)
    (add_net Electrode_8P)
    (add_net GNDA)
    (add_net MISO)
    (add_net MOSI)
    (add_net "Net-(C1-Pad2)")
    (add_net "Net-(C12-Pad1)")
    (add_net "Net-(C14-Pad2)")
    (add_net "Net-(C15-Pad1)")
    (add_net "Net-(C16-Pad2)")
    (add_net "Net-(C17-Pad2)")
    (add_net "Net-(C20-Pad1)")
    (add_net "Net-(C3-Pad1)")
    (add_net "Net-(C3-Pad2)")
    (add_net "Net-(C6-Pad1)")
    (add_net "Net-(D2-Pad4)")
    (add_net "Net-(R1-Pad1)")
    (add_net "Net-(R10-Pad1)")
    (add_net "Net-(R11-Pad2)")
    (add_net "Net-(R12-Pad1)")
    (add_net "Net-(R13-Pad2)")
    (add_net "Net-(R14-Pad1)")
    (add_net "Net-(R15-Pad2)")
    (add_net "Net-(R16-Pad1)")
    (add_net "Net-(R17-Pad2)")
    (add_net "Net-(R18-Pad1)")
    (add_net "Net-(R19-Pad2)")
    (add_net "Net-(R20-Pad1)")
    (add_net "Net-(R21-Pad2)")
    (add_net "Net-(R4-Pad1)")
    (add_net "Net-(R5-Pad2)")
    (add_net "Net-(R6-Pad1)")
    (add_net "Net-(R7-Pad2)")
    (add_net "Net-(R8-Pad1)")
    (add_net "Net-(R9-Pad2)")
    (add_net "Net-(U2-Pad4)")
    (add_net "Net-(U3-Pad4)")
    (add_net "Net-(U4-Pad4)")
    (add_net RAW)
    (add_net RESET)
    (add_net SCLK)
    (add_net SRB1_Electrode)
    (add_net SRB2_Electrode)
    (add_net START)
  )

  (module TestPoint:TestPoint_Pad_D1.0mm (layer F.Cu) (tedit 5EAE0E0A) (tstamp 5EB02193)
    (at 214.249 53.213)
    (descr "SMD pad as test Point, diameter 1.0mm")
    (tags "test point SMD pad")
    (attr virtual)
    (fp_text reference GND (at -3.175 0) (layer F.SilkS)
      (effects (font (size 1.3 1.3) (thickness 0.15)))
    )
    (fp_text value TestPoint_Pad_D1.0mm (at 0 1.55) (layer F.Fab)
      (effects (font (size 1 1) (thickness 0.15)))
    )
    (fp_text user %R (at 0 -1.45) (layer F.Fab)
      (effects (font (size 1 1) (thickness 0.15)))
    )
    (fp_circle (center 0 0) (end 1 0) (layer F.CrtYd) (width 0.05))
    (fp_circle (center 0 0) (end 0 0.7) (layer F.SilkS) (width 0.12))
    (pad 1 smd circle (at 0 0) (size 1 1) (layers F.Cu F.Mask)
      (net 1 GNDA))
  )

  (module TestPoint:TestPoint_Pad_D1.0mm (layer F.Cu) (tedit 5EAE0A13) (tstamp 5EB02193)
    (at 207.444666 53.213)
    (descr "SMD pad as test Point, diameter 1.0mm")
    (tags "test point SMD pad")
    (attr virtual)
    (fp_text reference DVDD (at -3.683 0) (layer F.SilkS)
      (effects (font (size 1.3 1.3) (thickness 0.15)))
    )
    (fp_text value TestPoint_Pad_D1.0mm (at 0 1.55) (layer F.Fab)
      (effects (font (size 1 1) (thickness 0.15)))
    )
    (fp_text user %R (at 0 -1.45) (layer F.Fab)
      (effects (font (size 1 1) (thickness 0.15)))
    )
    (fp_circle (center 0 0) (end 1 0) (layer F.CrtYd) (width 0.05))
    (fp_circle (center 0 0) (end 0 0.7) (layer F.SilkS) (width 0.12))
    (pad 1 smd circle (at 0 0) (size 1 1) (layers F.Cu F.Mask)
      (net 3 DVDD3.3V))
  )

  (module TestPoint:TestPoint_Pad_D1.0mm (layer F.Cu) (tedit 5EAE0A1A) (tstamp 5EB02193)
    (at 200.115333 53.213)
    (descr "SMD pad as test Point, diameter 1.0mm")
    (tags "test point SMD pad")
    (attr virtual)
    (fp_text reference AVDD (at -3.683 0) (layer F.SilkS)
      (effects (font (size 1.3 1.3) (thickness 0.15)))
    )
    (fp_text value TestPoint_Pad_D1.0mm (at 0 1.55) (layer F.Fab)
      (effects (font (size 1 1) (thickness 0.15)))
    )
    (fp_text user %R (at 0 -1.45) (layer F.Fab)
      (effects (font (size 1 1) (thickness 0.15)))
    )
    (fp_circle (center 0 0) (end 1 0) (layer F.CrtYd) (width 0.05))
    (fp_circle (center 0 0) (end 0 0.7) (layer F.SilkS) (width 0.12))
    (pad 1 smd circle (at 0 0) (size 1 1) (layers F.Cu F.Mask)
      (net 6 AVDD2.5V))
  )

  (module TestPoint:TestPoint_Pad_D1.0mm (layer F.Cu) (tedit 5EAE0A26) (tstamp 5EB02134)
    (at 192.786 53.213)
    (descr "SMD pad as test Point, diameter 1.0mm")
    (tags "test point SMD pad")
    (attr virtual)
    (fp_text reference AVSS (at -3.683 0) (layer F.SilkS)
      (effects (font (size 1.3 1.3) (thickness 0.15)))
    )
    (fp_text value TestPoint_Pad_D1.0mm (at 0 1.55) (layer F.Fab)
      (effects (font (size 1 1) (thickness 0.15)))
    )
    (fp_circle (center 0 0) (end 0 0.7) (layer F.SilkS) (width 0.12))
    (fp_circle (center 0 0) (end 1 0) (layer F.CrtYd) (width 0.05))
    (fp_text user %R (at 0 -1.45) (layer F.Fab)
      (effects (font (size 1 1) (thickness 0.15)))
    )
    (pad 1 smd circle (at 0 0) (size 1 1) (layers F.Cu F.Mask)
      (net 8 AVSS-2.5V))
  )

  (module Sensor:ADS1299IPAG (layer F.Cu) (tedit 5EA9053C) (tstamp 5EA97710)
    (at 200.7235 82.423)
    (path /5D204A11)
    (fp_text reference U1 (at 0.254 -0.127) (layer F.SilkS)
      (effects (font (size 1.5 1.5) (thickness 0.1)))
    )
    (fp_text value ADS1299IPAG (at 11.675535 7.621935) (layer F.Fab)
      (effects (font (size 1.000906 1.000906) (thickness 0.015)))
    )
    (fp_circle (center -5.65 -4.3) (end -5.5 -4.3) (layer F.SilkS) (width 0.1))
    (fp_line (start 6.46 6.46) (end 6.46 -6.46) (layer F.CrtYd) (width 0.05))
    (fp_line (start -6.46 6.46) (end 6.46 6.46) (layer F.CrtYd) (width 0.05))
    (fp_line (start -6.46 -6.46) (end -6.46 6.46) (layer F.CrtYd) (width 0.05))
    (fp_line (start 6.46 -6.46) (end -6.46 -6.46) (layer F.CrtYd) (width 0.05))
    (fp_line (start -5 -5) (end -5 -4.15) (layer F.SilkS) (width 0.127))
    (fp_line (start -4.15 -5) (end -5 -5) (layer F.SilkS) (width 0.127))
    (fp_line (start -5 5) (end -5 4.15) (layer F.SilkS) (width 0.127))
    (fp_line (start -4.15 5) (end -5 5) (layer F.SilkS) (width 0.127))
    (fp_line (start 5 5) (end 4.15 5) (layer F.SilkS) (width 0.127))
    (fp_line (start 5 4.2) (end 5 5) (layer F.SilkS) (width 0.127))
    (fp_line (start 5 -5) (end 5 -4.15) (layer F.SilkS) (width 0.127))
    (fp_line (start 4.15 -5) (end 5 -5) (layer F.SilkS) (width 0.127))
    (fp_line (start 5 5) (end 5 -5) (layer F.Fab) (width 0.127))
    (fp_line (start -5 5) (end 5 5) (layer F.Fab) (width 0.127))
    (fp_line (start -5 -5) (end -5 5) (layer F.Fab) (width 0.127))
    (fp_line (start 5 -5) (end -5 -5) (layer F.Fab) (width 0.127))
    (pad 64 smd rect (at -3.75 -5.63) (size 0.3 1.26) (layers F.Cu F.Paste F.Mask)
      (net 1 GNDA))
    (pad 63 smd rect (at -3.25 -5.63) (size 0.3 1.26) (layers F.Cu F.Paste F.Mask)
      (net 49 "Net-(C15-Pad1)"))
    (pad 62 smd rect (at -2.75 -5.63) (size 0.3 1.26) (layers F.Cu F.Paste F.Mask)
      (net 49 "Net-(C15-Pad1)"))
    (pad 61 smd rect (at -2.25 -5.63) (size 0.3 1.26) (layers F.Cu F.Paste F.Mask)
      (net 11 BIASINV))
    (pad 60 smd rect (at -1.75 -5.63) (size 0.3 1.26) (layers F.Cu F.Paste F.Mask)
      (net 8 AVSS-2.5V))
    (pad 59 smd rect (at -1.25 -5.63) (size 0.3 1.26) (layers F.Cu F.Paste F.Mask)
      (net 6 AVDD2.5V))
    (pad 58 smd rect (at -0.75 -5.63) (size 0.3 1.26) (layers F.Cu F.Paste F.Mask)
      (net 8 AVSS-2.5V))
    (pad 57 smd rect (at -0.25 -5.63) (size 0.3 1.26) (layers F.Cu F.Paste F.Mask)
      (net 8 AVSS-2.5V))
    (pad 56 smd rect (at 0.25 -5.63) (size 0.3 1.26) (layers F.Cu F.Paste F.Mask)
      (net 6 AVDD2.5V))
    (pad 55 smd rect (at 0.75 -5.63) (size 0.3 1.26) (layers F.Cu F.Paste F.Mask)
      (net 9 "Net-(C12-Pad1)"))
    (pad 54 smd rect (at 1.25 -5.63) (size 0.3 1.26) (layers F.Cu F.Paste F.Mask)
      (net 6 AVDD2.5V))
    (pad 53 smd rect (at 1.75 -5.63) (size 0.3 1.26) (layers F.Cu F.Paste F.Mask)
      (net 8 AVSS-2.5V))
    (pad 52 smd rect (at 2.25 -5.63) (size 0.3 1.26) (layers F.Cu F.Paste F.Mask)
      (net 40 CLKSEL))
    (pad 51 smd rect (at 2.75 -5.63) (size 0.3 1.26) (layers F.Cu F.Paste F.Mask)
      (net 1 GNDA))
    (pad 50 smd rect (at 3.25 -5.63) (size 0.3 1.26) (layers F.Cu F.Paste F.Mask)
      (net 3 DVDD3.3V))
    (pad 49 smd rect (at 3.75 -5.63) (size 0.3 1.26) (layers F.Cu F.Paste F.Mask)
      (net 1 GNDA))
    (pad 48 smd rect (at 5.63 -3.75) (size 1.26 0.3) (layers F.Cu F.Paste F.Mask)
      (net 3 DVDD3.3V))
    (pad 47 smd rect (at 5.63 -3.25) (size 1.26 0.3) (layers F.Cu F.Paste F.Mask)
      (net 38 DRDY))
    (pad 46 smd rect (at 5.63 -2.75) (size 1.26 0.3) (layers F.Cu F.Paste F.Mask)
      (net 45 "Net-(R1-Pad1)"))
    (pad 45 smd rect (at 5.63 -2.25) (size 1.26 0.3) (layers F.Cu F.Paste F.Mask)
      (net 45 "Net-(R1-Pad1)"))
    (pad 44 smd rect (at 5.63 -1.75) (size 1.26 0.3) (layers F.Cu F.Paste F.Mask)
      (net 45 "Net-(R1-Pad1)"))
    (pad 43 smd rect (at 5.63 -1.25) (size 1.26 0.3) (layers F.Cu F.Paste F.Mask)
      (net 37 MISO))
    (pad 42 smd rect (at 5.63 -0.75) (size 1.26 0.3) (layers F.Cu F.Paste F.Mask)
      (net 45 "Net-(R1-Pad1)"))
    (pad 41 smd rect (at 5.63 -0.25) (size 1.26 0.3) (layers F.Cu F.Paste F.Mask)
      (net 43 DAISY_IN))
    (pad 40 smd rect (at 5.63 0.25) (size 1.26 0.3) (layers F.Cu F.Paste F.Mask)
      (net 39 SCLK))
    (pad 39 smd rect (at 5.63 0.75) (size 1.26 0.3) (layers F.Cu F.Paste F.Mask)
      (net 36 CS))
    (pad 38 smd rect (at 5.63 1.25) (size 1.26 0.3) (layers F.Cu F.Paste F.Mask)
      (net 42 START))
    (pad 37 smd rect (at 5.63 1.75) (size 1.26 0.3) (layers F.Cu F.Paste F.Mask)
      (net 41 CLK))
    (pad 36 smd rect (at 5.63 2.25) (size 1.26 0.3) (layers F.Cu F.Paste F.Mask)
      (net 35 RESET))
    (pad 35 smd rect (at 5.63 2.75) (size 1.26 0.3) (layers F.Cu F.Paste F.Mask)
      (net 3 DVDD3.3V))
    (pad 34 smd rect (at 5.63 3.25) (size 1.26 0.3) (layers F.Cu F.Paste F.Mask)
      (net 44 MOSI))
    (pad 33 smd rect (at 5.63 3.75) (size 1.26 0.3) (layers F.Cu F.Paste F.Mask)
      (net 1 GNDA))
    (pad 32 smd rect (at 3.75 5.63) (size 0.3 1.26) (layers F.Cu F.Paste F.Mask)
      (net 8 AVSS-2.5V))
    (pad 31 smd rect (at 3.25 5.63) (size 0.3 1.26) (layers F.Cu F.Paste F.Mask)
      (net 1 GNDA))
    (pad 30 smd rect (at 2.75 5.63) (size 0.3 1.26) (layers F.Cu F.Paste F.Mask)
      (net 13 "Net-(C17-Pad2)"))
    (pad 29 smd rect (at 2.25 5.63) (size 0.3 1.26) (layers F.Cu F.Paste F.Mask))
    (pad 28 smd rect (at 1.75 5.63) (size 0.3 1.26) (layers F.Cu F.Paste F.Mask)
      (net 12 "Net-(C16-Pad2)"))
    (pad 27 smd rect (at 1.25 5.63) (size 0.3 1.26) (layers F.Cu F.Paste F.Mask))
    (pad 26 smd rect (at 0.75 5.63) (size 0.3 1.26) (layers F.Cu F.Paste F.Mask)
      (net 10 "Net-(C14-Pad2)"))
    (pad 25 smd rect (at 0.25 5.63) (size 0.3 1.26) (layers F.Cu F.Paste F.Mask)
      (net 8 AVSS-2.5V))
    (pad 24 smd rect (at -0.25 5.63) (size 0.3 1.26) (layers F.Cu F.Paste F.Mask)
      (net 14 "Net-(C20-Pad1)"))
    (pad 23 smd rect (at -0.75 5.63) (size 0.3 1.26) (layers F.Cu F.Paste F.Mask)
      (net 8 AVSS-2.5V))
    (pad 22 smd rect (at -1.25 5.63) (size 0.3 1.26) (layers F.Cu F.Paste F.Mask)
      (net 6 AVDD2.5V))
    (pad 21 smd rect (at -1.75 5.63) (size 0.3 1.26) (layers F.Cu F.Paste F.Mask)
      (net 6 AVDD2.5V))
    (pad 20 smd rect (at -2.25 5.63) (size 0.3 1.26) (layers F.Cu F.Paste F.Mask)
      (net 8 AVSS-2.5V))
    (pad 19 smd rect (at -2.75 5.63) (size 0.3 1.26) (layers F.Cu F.Paste F.Mask)
      (net 6 AVDD2.5V))
    (pad 18 smd rect (at -3.25 5.63) (size 0.3 1.26) (layers F.Cu F.Paste F.Mask)
      (net 68 "Net-(R21-Pad2)"))
    (pad 17 smd rect (at -3.75 5.63) (size 0.3 1.26) (layers F.Cu F.Paste F.Mask)
      (net 67 "Net-(R20-Pad1)"))
    (pad 16 smd rect (at -5.63 3.75) (size 1.26 0.3) (layers F.Cu F.Paste F.Mask)
      (net 66 "Net-(R19-Pad2)"))
    (pad 15 smd rect (at -5.63 3.25) (size 1.26 0.3) (layers F.Cu F.Paste F.Mask)
      (net 65 "Net-(R18-Pad1)"))
    (pad 14 smd rect (at -5.63 2.75) (size 1.26 0.3) (layers F.Cu F.Paste F.Mask)
      (net 64 "Net-(R17-Pad2)"))
    (pad 13 smd rect (at -5.63 2.25) (size 1.26 0.3) (layers F.Cu F.Paste F.Mask)
      (net 63 "Net-(R16-Pad1)"))
    (pad 12 smd rect (at -5.63 1.75) (size 1.26 0.3) (layers F.Cu F.Paste F.Mask)
      (net 62 "Net-(R15-Pad2)"))
    (pad 11 smd rect (at -5.63 1.25) (size 1.26 0.3) (layers F.Cu F.Paste F.Mask)
      (net 61 "Net-(R14-Pad1)"))
    (pad 10 smd rect (at -5.63 0.75) (size 1.26 0.3) (layers F.Cu F.Paste F.Mask)
      (net 60 "Net-(R13-Pad2)"))
    (pad 9 smd rect (at -5.63 0.25) (size 1.26 0.3) (layers F.Cu F.Paste F.Mask)
      (net 59 "Net-(R12-Pad1)"))
    (pad 8 smd rect (at -5.63 -0.25) (size 1.26 0.3) (layers F.Cu F.Paste F.Mask)
      (net 58 "Net-(R11-Pad2)"))
    (pad 7 smd rect (at -5.63 -0.75) (size 1.26 0.3) (layers F.Cu F.Paste F.Mask)
      (net 57 "Net-(R10-Pad1)"))
    (pad 6 smd rect (at -5.63 -1.25) (size 1.26 0.3) (layers F.Cu F.Paste F.Mask)
      (net 56 "Net-(R9-Pad2)"))
    (pad 5 smd rect (at -5.63 -1.75) (size 1.26 0.3) (layers F.Cu F.Paste F.Mask)
      (net 55 "Net-(R8-Pad1)"))
    (pad 4 smd rect (at -5.63 -2.25) (size 1.26 0.3) (layers F.Cu F.Paste F.Mask)
      (net 54 "Net-(R7-Pad2)"))
    (pad 3 smd rect (at -5.63 -2.75) (size 1.26 0.3) (layers F.Cu F.Paste F.Mask)
      (net 53 "Net-(R6-Pad1)"))
    (pad 2 smd rect (at -5.63 -3.25) (size 1.26 0.3) (layers F.Cu F.Paste F.Mask)
      (net 52 "Net-(R5-Pad2)"))
    (pad 1 smd rect (at -5.63 -3.75) (size 1.26 0.3) (layers F.Cu F.Paste F.Mask)
      (net 51 "Net-(R4-Pad1)"))
  )

  (module Capacitor_SMD:C_0805_2012Metric_Pad1.15x1.40mm_HandSolder (layer F.Cu) (tedit 5B36C52B) (tstamp 5EA96A81)
    (at 213.487 55.499)
    (descr "Capacitor SMD 0805 (2012 Metric), square (rectangular) end terminal, IPC_7351 nominal with elongated pad for handsoldering. (Body size source: https://docs.google.com/spreadsheets/d/1BsfQQcO9C6DZCsRaXUlFlo91Tg2WpOkGARC1WS5S8t0/edit?usp=sharing), generated with kicad-footprint-generator")
    (tags "capacitor handsolder")
    (path /5D6FC2AC/5D938FB9)
    (attr smd)
    (fp_text reference C1 (at -3.429 0) (layer F.SilkS) hide
      (effects (font (size 1.5 1.5) (thickness 0.1)))
    )
    (fp_text value 4.7uF (at 0 1.65) (layer F.Fab)
      (effects (font (size 1 1) (thickness 0.15)))
    )
    (fp_line (start -1 0.6) (end -1 -0.6) (layer F.Fab) (width 0.1))
    (fp_line (start -1 -0.6) (end 1 -0.6) (layer F.Fab) (width 0.1))
    (fp_line (start 1 -0.6) (end 1 0.6) (layer F.Fab) (width 0.1))
    (fp_line (start 1 0.6) (end -1 0.6) (layer F.Fab) (width 0.1))
    (fp_line (start -0.261252 -0.71) (end 0.261252 -0.71) (layer F.SilkS) (width 0.12))
    (fp_line (start -0.261252 0.71) (end 0.261252 0.71) (layer F.SilkS) (width 0.12))
    (fp_line (start -1.85 0.95) (end -1.85 -0.95) (layer F.CrtYd) (width 0.05))
    (fp_line (start -1.85 -0.95) (end 1.85 -0.95) (layer F.CrtYd) (width 0.05))
    (fp_line (start 1.85 -0.95) (end 1.85 0.95) (layer F.CrtYd) (width 0.05))
    (fp_line (start 1.85 0.95) (end -1.85 0.95) (layer F.CrtYd) (width 0.05))
    (fp_text user %R (at 0 0) (layer F.Fab)
      (effects (font (size 0.5 0.5) (thickness 0.08)))
    )
    (pad 1 smd roundrect (at -1.025 0) (size 1.15 1.4) (layers F.Cu F.Paste F.Mask) (roundrect_rratio 0.217391)
      (net 1 GNDA))
    (pad 2 smd roundrect (at 1.025 0) (size 1.15 1.4) (layers F.Cu F.Paste F.Mask) (roundrect_rratio 0.217391)
      (net 2 "Net-(C1-Pad2)"))
    (model ${KISYS3DMOD}/Capacitor_SMD.3dshapes/C_0805_2012Metric.wrl
      (at (xyz 0 0 0))
      (scale (xyz 1 1 1))
      (rotate (xyz 0 0 0))
    )
  )

  (module Capacitor_SMD:C_0805_2012Metric_Pad1.15x1.40mm_HandSolder (layer F.Cu) (tedit 5B36C52B) (tstamp 5EA96A92)
    (at 213.487 62.865 180)
    (descr "Capacitor SMD 0805 (2012 Metric), square (rectangular) end terminal, IPC_7351 nominal with elongated pad for handsoldering. (Body size source: https://docs.google.com/spreadsheets/d/1BsfQQcO9C6DZCsRaXUlFlo91Tg2WpOkGARC1WS5S8t0/edit?usp=sharing), generated with kicad-footprint-generator")
    (tags "capacitor handsolder")
    (path /5D6FC2AC/5D938FB3)
    (attr smd)
    (fp_text reference C2 (at 3.429 0 180) (layer F.SilkS) hide
      (effects (font (size 1.5 1.5) (thickness 0.1)))
    )
    (fp_text value 4.7uF (at 0 1.65) (layer F.Fab)
      (effects (font (size 1 1) (thickness 0.15)))
    )
    (fp_line (start -1 0.6) (end -1 -0.6) (layer F.Fab) (width 0.1))
    (fp_line (start -1 -0.6) (end 1 -0.6) (layer F.Fab) (width 0.1))
    (fp_line (start 1 -0.6) (end 1 0.6) (layer F.Fab) (width 0.1))
    (fp_line (start 1 0.6) (end -1 0.6) (layer F.Fab) (width 0.1))
    (fp_line (start -0.261252 -0.71) (end 0.261252 -0.71) (layer F.SilkS) (width 0.12))
    (fp_line (start -0.261252 0.71) (end 0.261252 0.71) (layer F.SilkS) (width 0.12))
    (fp_line (start -1.85 0.95) (end -1.85 -0.95) (layer F.CrtYd) (width 0.05))
    (fp_line (start -1.85 -0.95) (end 1.85 -0.95) (layer F.CrtYd) (width 0.05))
    (fp_line (start 1.85 -0.95) (end 1.85 0.95) (layer F.CrtYd) (width 0.05))
    (fp_line (start 1.85 0.95) (end -1.85 0.95) (layer F.CrtYd) (width 0.05))
    (fp_text user %R (at 0 0) (layer F.Fab)
      (effects (font (size 0.5 0.5) (thickness 0.08)))
    )
    (pad 1 smd roundrect (at -1.025 0 180) (size 1.15 1.4) (layers F.Cu F.Paste F.Mask) (roundrect_rratio 0.217391)
      (net 3 DVDD3.3V))
    (pad 2 smd roundrect (at 1.025 0 180) (size 1.15 1.4) (layers F.Cu F.Paste F.Mask) (roundrect_rratio 0.217391)
      (net 1 GNDA))
    (model ${KISYS3DMOD}/Capacitor_SMD.3dshapes/C_0805_2012Metric.wrl
      (at (xyz 0 0 0))
      (scale (xyz 1 1 1))
      (rotate (xyz 0 0 0))
    )
  )

  (module Capacitor_SMD:C_0805_2012Metric_Pad1.15x1.40mm_HandSolder (layer F.Cu) (tedit 5B36C52B) (tstamp 5EA96AA3)
    (at 202.8444 55.3974)
    (descr "Capacitor SMD 0805 (2012 Metric), square (rectangular) end terminal, IPC_7351 nominal with elongated pad for handsoldering. (Body size source: https://docs.google.com/spreadsheets/d/1BsfQQcO9C6DZCsRaXUlFlo91Tg2WpOkGARC1WS5S8t0/edit?usp=sharing), generated with kicad-footprint-generator")
    (tags "capacitor handsolder")
    (path /5D6FC2AC/5D95D57E)
    (attr smd)
    (fp_text reference C3 (at -3.175 0 270) (layer F.SilkS) hide
      (effects (font (size 1.5 1.5) (thickness 0.1)))
    )
    (fp_text value 10uF (at 0 1.65) (layer F.Fab)
      (effects (font (size 1 1) (thickness 0.15)))
    )
    (fp_line (start -1 0.6) (end -1 -0.6) (layer F.Fab) (width 0.1))
    (fp_line (start -1 -0.6) (end 1 -0.6) (layer F.Fab) (width 0.1))
    (fp_line (start 1 -0.6) (end 1 0.6) (layer F.Fab) (width 0.1))
    (fp_line (start 1 0.6) (end -1 0.6) (layer F.Fab) (width 0.1))
    (fp_line (start -0.261252 -0.71) (end 0.261252 -0.71) (layer F.SilkS) (width 0.12))
    (fp_line (start -0.261252 0.71) (end 0.261252 0.71) (layer F.SilkS) (width 0.12))
    (fp_line (start -1.85 0.95) (end -1.85 -0.95) (layer F.CrtYd) (width 0.05))
    (fp_line (start -1.85 -0.95) (end 1.85 -0.95) (layer F.CrtYd) (width 0.05))
    (fp_line (start 1.85 -0.95) (end 1.85 0.95) (layer F.CrtYd) (width 0.05))
    (fp_line (start 1.85 0.95) (end -1.85 0.95) (layer F.CrtYd) (width 0.05))
    (fp_text user %R (at 0 0) (layer F.Fab)
      (effects (font (size 0.5 0.5) (thickness 0.08)))
    )
    (pad 1 smd roundrect (at -1.025 0) (size 1.15 1.4) (layers F.Cu F.Paste F.Mask) (roundrect_rratio 0.217391)
      (net 4 "Net-(C3-Pad1)"))
    (pad 2 smd roundrect (at 1.025 0) (size 1.15 1.4) (layers F.Cu F.Paste F.Mask) (roundrect_rratio 0.217391)
      (net 5 "Net-(C3-Pad2)"))
    (model ${KISYS3DMOD}/Capacitor_SMD.3dshapes/C_0805_2012Metric.wrl
      (at (xyz 0 0 0))
      (scale (xyz 1 1 1))
      (rotate (xyz 0 0 0))
    )
  )

  (module Capacitor_SMD:C_0805_2012Metric_Pad1.15x1.40mm_HandSolder (layer F.Cu) (tedit 5B36C52B) (tstamp 5EA96AB4)
    (at 208.8134 65.4558 180)
    (descr "Capacitor SMD 0805 (2012 Metric), square (rectangular) end terminal, IPC_7351 nominal with elongated pad for handsoldering. (Body size source: https://docs.google.com/spreadsheets/d/1BsfQQcO9C6DZCsRaXUlFlo91Tg2WpOkGARC1WS5S8t0/edit?usp=sharing), generated with kicad-footprint-generator")
    (tags "capacitor handsolder")
    (path /5D6FC2AC/5D8DD365)
    (attr smd)
    (fp_text reference C4 (at 3.429 0 180) (layer F.SilkS) hide
      (effects (font (size 1.5 1.5) (thickness 0.1)))
    )
    (fp_text value 4.7uF (at 0 1.65) (layer F.Fab)
      (effects (font (size 1 1) (thickness 0.15)))
    )
    (fp_text user %R (at 0 0) (layer F.Fab)
      (effects (font (size 0.5 0.5) (thickness 0.08)))
    )
    (fp_line (start 1.85 0.95) (end -1.85 0.95) (layer F.CrtYd) (width 0.05))
    (fp_line (start 1.85 -0.95) (end 1.85 0.95) (layer F.CrtYd) (width 0.05))
    (fp_line (start -1.85 -0.95) (end 1.85 -0.95) (layer F.CrtYd) (width 0.05))
    (fp_line (start -1.85 0.95) (end -1.85 -0.95) (layer F.CrtYd) (width 0.05))
    (fp_line (start -0.261252 0.71) (end 0.261252 0.71) (layer F.SilkS) (width 0.12))
    (fp_line (start -0.261252 -0.71) (end 0.261252 -0.71) (layer F.SilkS) (width 0.12))
    (fp_line (start 1 0.6) (end -1 0.6) (layer F.Fab) (width 0.1))
    (fp_line (start 1 -0.6) (end 1 0.6) (layer F.Fab) (width 0.1))
    (fp_line (start -1 -0.6) (end 1 -0.6) (layer F.Fab) (width 0.1))
    (fp_line (start -1 0.6) (end -1 -0.6) (layer F.Fab) (width 0.1))
    (pad 2 smd roundrect (at 1.025 0 180) (size 1.15 1.4) (layers F.Cu F.Paste F.Mask) (roundrect_rratio 0.217391)
      (net 1 GNDA))
    (pad 1 smd roundrect (at -1.025 0 180) (size 1.15 1.4) (layers F.Cu F.Paste F.Mask) (roundrect_rratio 0.217391)
      (net 6 AVDD2.5V))
    (model ${KISYS3DMOD}/Capacitor_SMD.3dshapes/C_0805_2012Metric.wrl
      (at (xyz 0 0 0))
      (scale (xyz 1 1 1))
      (rotate (xyz 0 0 0))
    )
  )

  (module Capacitor_SMD:C_0805_2012Metric_Pad1.15x1.40mm_HandSolder (layer F.Cu) (tedit 5B36C52B) (tstamp 5EA96AC5)
    (at 208.8134 58.0644)
    (descr "Capacitor SMD 0805 (2012 Metric), square (rectangular) end terminal, IPC_7351 nominal with elongated pad for handsoldering. (Body size source: https://docs.google.com/spreadsheets/d/1BsfQQcO9C6DZCsRaXUlFlo91Tg2WpOkGARC1WS5S8t0/edit?usp=sharing), generated with kicad-footprint-generator")
    (tags "capacitor handsolder")
    (path /5D6FC2AC/5D8DD36B)
    (attr smd)
    (fp_text reference C5 (at -3.429 0 180) (layer F.SilkS) hide
      (effects (font (size 1.5 1.5) (thickness 0.1)))
    )
    (fp_text value 4.7uF (at 0 1.65) (layer F.Fab)
      (effects (font (size 1 1) (thickness 0.15)))
    )
    (fp_line (start -1 0.6) (end -1 -0.6) (layer F.Fab) (width 0.1))
    (fp_line (start -1 -0.6) (end 1 -0.6) (layer F.Fab) (width 0.1))
    (fp_line (start 1 -0.6) (end 1 0.6) (layer F.Fab) (width 0.1))
    (fp_line (start 1 0.6) (end -1 0.6) (layer F.Fab) (width 0.1))
    (fp_line (start -0.261252 -0.71) (end 0.261252 -0.71) (layer F.SilkS) (width 0.12))
    (fp_line (start -0.261252 0.71) (end 0.261252 0.71) (layer F.SilkS) (width 0.12))
    (fp_line (start -1.85 0.95) (end -1.85 -0.95) (layer F.CrtYd) (width 0.05))
    (fp_line (start -1.85 -0.95) (end 1.85 -0.95) (layer F.CrtYd) (width 0.05))
    (fp_line (start 1.85 -0.95) (end 1.85 0.95) (layer F.CrtYd) (width 0.05))
    (fp_line (start 1.85 0.95) (end -1.85 0.95) (layer F.CrtYd) (width 0.05))
    (fp_text user %R (at 0 0) (layer F.Fab)
      (effects (font (size 0.5 0.5) (thickness 0.08)))
    )
    (pad 1 smd roundrect (at -1.025 0) (size 1.15 1.4) (layers F.Cu F.Paste F.Mask) (roundrect_rratio 0.217391)
      (net 1 GNDA))
    (pad 2 smd roundrect (at 1.025 0) (size 1.15 1.4) (layers F.Cu F.Paste F.Mask) (roundrect_rratio 0.217391)
      (net 3 DVDD3.3V))
    (model ${KISYS3DMOD}/Capacitor_SMD.3dshapes/C_0805_2012Metric.wrl
      (at (xyz 0 0 0))
      (scale (xyz 1 1 1))
      (rotate (xyz 0 0 0))
    )
  )

  (module Capacitor_SMD:C_0805_2012Metric_Pad1.15x1.40mm_HandSolder (layer F.Cu) (tedit 5B36C52B) (tstamp 5EA96AD6)
    (at 202.8444 66.0654)
    (descr "Capacitor SMD 0805 (2012 Metric), square (rectangular) end terminal, IPC_7351 nominal with elongated pad for handsoldering. (Body size source: https://docs.google.com/spreadsheets/d/1BsfQQcO9C6DZCsRaXUlFlo91Tg2WpOkGARC1WS5S8t0/edit?usp=sharing), generated with kicad-footprint-generator")
    (tags "capacitor handsolder")
    (path /5D6FC2AC/5D959BF1)
    (attr smd)
    (fp_text reference C6 (at -3.175 0 90) (layer F.SilkS) hide
      (effects (font (size 1.5 1.5) (thickness 0.1)))
    )
    (fp_text value 10uF (at 0 1.65) (layer F.Fab)
      (effects (font (size 1 1) (thickness 0.15)))
    )
    (fp_text user %R (at 0 0) (layer F.Fab)
      (effects (font (size 0.5 0.5) (thickness 0.08)))
    )
    (fp_line (start 1.85 0.95) (end -1.85 0.95) (layer F.CrtYd) (width 0.05))
    (fp_line (start 1.85 -0.95) (end 1.85 0.95) (layer F.CrtYd) (width 0.05))
    (fp_line (start -1.85 -0.95) (end 1.85 -0.95) (layer F.CrtYd) (width 0.05))
    (fp_line (start -1.85 0.95) (end -1.85 -0.95) (layer F.CrtYd) (width 0.05))
    (fp_line (start -0.261252 0.71) (end 0.261252 0.71) (layer F.SilkS) (width 0.12))
    (fp_line (start -0.261252 -0.71) (end 0.261252 -0.71) (layer F.SilkS) (width 0.12))
    (fp_line (start 1 0.6) (end -1 0.6) (layer F.Fab) (width 0.1))
    (fp_line (start 1 -0.6) (end 1 0.6) (layer F.Fab) (width 0.1))
    (fp_line (start -1 -0.6) (end 1 -0.6) (layer F.Fab) (width 0.1))
    (fp_line (start -1 0.6) (end -1 -0.6) (layer F.Fab) (width 0.1))
    (pad 2 smd roundrect (at 1.025 0) (size 1.15 1.4) (layers F.Cu F.Paste F.Mask) (roundrect_rratio 0.217391)
      (net 1 GNDA))
    (pad 1 smd roundrect (at -1.025 0) (size 1.15 1.4) (layers F.Cu F.Paste F.Mask) (roundrect_rratio 0.217391)
      (net 7 "Net-(C6-Pad1)"))
    (model ${KISYS3DMOD}/Capacitor_SMD.3dshapes/C_0805_2012Metric.wrl
      (at (xyz 0 0 0))
      (scale (xyz 1 1 1))
      (rotate (xyz 0 0 0))
    )
  )

  (module Capacitor_SMD:C_0805_2012Metric_Pad1.15x1.40mm_HandSolder (layer F.Cu) (tedit 5B36C52B) (tstamp 5EA96AE7)
    (at 197.4469 55.3212)
    (descr "Capacitor SMD 0805 (2012 Metric), square (rectangular) end terminal, IPC_7351 nominal with elongated pad for handsoldering. (Body size source: https://docs.google.com/spreadsheets/d/1BsfQQcO9C6DZCsRaXUlFlo91Tg2WpOkGARC1WS5S8t0/edit?usp=sharing), generated with kicad-footprint-generator")
    (tags "capacitor handsolder")
    (path /5D6FC2AC/5D8DA0DD)
    (attr smd)
    (fp_text reference C7 (at 3.429 0 180) (layer F.SilkS) hide
      (effects (font (size 1.5 1.5) (thickness 0.1)))
    )
    (fp_text value 2.2uF (at 0 1.65) (layer F.Fab)
      (effects (font (size 1 1) (thickness 0.15)))
    )
    (fp_line (start -1 0.6) (end -1 -0.6) (layer F.Fab) (width 0.1))
    (fp_line (start -1 -0.6) (end 1 -0.6) (layer F.Fab) (width 0.1))
    (fp_line (start 1 -0.6) (end 1 0.6) (layer F.Fab) (width 0.1))
    (fp_line (start 1 0.6) (end -1 0.6) (layer F.Fab) (width 0.1))
    (fp_line (start -0.261252 -0.71) (end 0.261252 -0.71) (layer F.SilkS) (width 0.12))
    (fp_line (start -0.261252 0.71) (end 0.261252 0.71) (layer F.SilkS) (width 0.12))
    (fp_line (start -1.85 0.95) (end -1.85 -0.95) (layer F.CrtYd) (width 0.05))
    (fp_line (start -1.85 -0.95) (end 1.85 -0.95) (layer F.CrtYd) (width 0.05))
    (fp_line (start 1.85 -0.95) (end 1.85 0.95) (layer F.CrtYd) (width 0.05))
    (fp_line (start 1.85 0.95) (end -1.85 0.95) (layer F.CrtYd) (width 0.05))
    (fp_text user %R (at 0 0) (layer F.Fab)
      (effects (font (size 0.5 0.5) (thickness 0.08)))
    )
    (pad 1 smd roundrect (at -1.025 0) (size 1.15 1.4) (layers F.Cu F.Paste F.Mask) (roundrect_rratio 0.217391)
      (net 7 "Net-(C6-Pad1)"))
    (pad 2 smd roundrect (at 1.025 0) (size 1.15 1.4) (layers F.Cu F.Paste F.Mask) (roundrect_rratio 0.217391)
      (net 1 GNDA))
    (model ${KISYS3DMOD}/Capacitor_SMD.3dshapes/C_0805_2012Metric.wrl
      (at (xyz 0 0 0))
      (scale (xyz 1 1 1))
      (rotate (xyz 0 0 0))
    )
  )

  (module Capacitor_SMD:C_0805_2012Metric_Pad1.15x1.40mm_HandSolder (layer F.Cu) (tedit 5B36C52B) (tstamp 5EA96AF8)
    (at 197.4469 62.6872)
    (descr "Capacitor SMD 0805 (2012 Metric), square (rectangular) end terminal, IPC_7351 nominal with elongated pad for handsoldering. (Body size source: https://docs.google.com/spreadsheets/d/1BsfQQcO9C6DZCsRaXUlFlo91Tg2WpOkGARC1WS5S8t0/edit?usp=sharing), generated with kicad-footprint-generator")
    (tags "capacitor handsolder")
    (path /5D6FC2AC/5D8DA0E3)
    (attr smd)
    (fp_text reference C8 (at -3.429 0 180) (layer F.SilkS) hide
      (effects (font (size 1.5 1.5) (thickness 0.1)))
    )
    (fp_text value 2.2uF (at 0 1.65) (layer F.Fab)
      (effects (font (size 1 1) (thickness 0.15)))
    )
    (fp_text user %R (at 0 0) (layer F.Fab)
      (effects (font (size 0.5 0.5) (thickness 0.08)))
    )
    (fp_line (start 1.85 0.95) (end -1.85 0.95) (layer F.CrtYd) (width 0.05))
    (fp_line (start 1.85 -0.95) (end 1.85 0.95) (layer F.CrtYd) (width 0.05))
    (fp_line (start -1.85 -0.95) (end 1.85 -0.95) (layer F.CrtYd) (width 0.05))
    (fp_line (start -1.85 0.95) (end -1.85 -0.95) (layer F.CrtYd) (width 0.05))
    (fp_line (start -0.261252 0.71) (end 0.261252 0.71) (layer F.SilkS) (width 0.12))
    (fp_line (start -0.261252 -0.71) (end 0.261252 -0.71) (layer F.SilkS) (width 0.12))
    (fp_line (start 1 0.6) (end -1 0.6) (layer F.Fab) (width 0.1))
    (fp_line (start 1 -0.6) (end 1 0.6) (layer F.Fab) (width 0.1))
    (fp_line (start -1 -0.6) (end 1 -0.6) (layer F.Fab) (width 0.1))
    (fp_line (start -1 0.6) (end -1 -0.6) (layer F.Fab) (width 0.1))
    (pad 2 smd roundrect (at 1.025 0) (size 1.15 1.4) (layers F.Cu F.Paste F.Mask) (roundrect_rratio 0.217391)
      (net 8 AVSS-2.5V))
    (pad 1 smd roundrect (at -1.025 0) (size 1.15 1.4) (layers F.Cu F.Paste F.Mask) (roundrect_rratio 0.217391)
      (net 1 GNDA))
    (model ${KISYS3DMOD}/Capacitor_SMD.3dshapes/C_0805_2012Metric.wrl
      (at (xyz 0 0 0))
      (scale (xyz 1 1 1))
      (rotate (xyz 0 0 0))
    )
  )

  (module Capacitor_SMD:C_0805_2012Metric_Pad1.15x1.40mm_HandSolder (layer F.Cu) (tedit 5B36C52B) (tstamp 5EA96B09)
    (at 204.9526 73.6854)
    (descr "Capacitor SMD 0805 (2012 Metric), square (rectangular) end terminal, IPC_7351 nominal with elongated pad for handsoldering. (Body size source: https://docs.google.com/spreadsheets/d/1BsfQQcO9C6DZCsRaXUlFlo91Tg2WpOkGARC1WS5S8t0/edit?usp=sharing), generated with kicad-footprint-generator")
    (tags "capacitor handsolder")
    (path /5D227970)
    (attr smd)
    (fp_text reference C9 (at 3.0988 -0.1016 270) (layer F.SilkS) hide
      (effects (font (size 1.5 1.5) (thickness 0.1)))
    )
    (fp_text value 0.1uF (at 0 1.65) (layer F.Fab)
      (effects (font (size 1 1) (thickness 0.15)))
    )
    (fp_line (start -1 0.6) (end -1 -0.6) (layer F.Fab) (width 0.1))
    (fp_line (start -1 -0.6) (end 1 -0.6) (layer F.Fab) (width 0.1))
    (fp_line (start 1 -0.6) (end 1 0.6) (layer F.Fab) (width 0.1))
    (fp_line (start 1 0.6) (end -1 0.6) (layer F.Fab) (width 0.1))
    (fp_line (start -0.261252 -0.71) (end 0.261252 -0.71) (layer F.SilkS) (width 0.12))
    (fp_line (start -0.261252 0.71) (end 0.261252 0.71) (layer F.SilkS) (width 0.12))
    (fp_line (start -1.85 0.95) (end -1.85 -0.95) (layer F.CrtYd) (width 0.05))
    (fp_line (start -1.85 -0.95) (end 1.85 -0.95) (layer F.CrtYd) (width 0.05))
    (fp_line (start 1.85 -0.95) (end 1.85 0.95) (layer F.CrtYd) (width 0.05))
    (fp_line (start 1.85 0.95) (end -1.85 0.95) (layer F.CrtYd) (width 0.05))
    (fp_text user %R (at 0 0) (layer F.Fab)
      (effects (font (size 0.5 0.5) (thickness 0.08)))
    )
    (pad 1 smd roundrect (at -1.025 0) (size 1.15 1.4) (layers F.Cu F.Paste F.Mask) (roundrect_rratio 0.217391)
      (net 6 AVDD2.5V))
    (pad 2 smd roundrect (at 1.025 0) (size 1.15 1.4) (layers F.Cu F.Paste F.Mask) (roundrect_rratio 0.217391)
      (net 1 GNDA))
    (model ${KISYS3DMOD}/Capacitor_SMD.3dshapes/C_0805_2012Metric.wrl
      (at (xyz 0 0 0))
      (scale (xyz 1 1 1))
      (rotate (xyz 0 0 0))
    )
  )

  (module Capacitor_SMD:C_0805_2012Metric_Pad1.15x1.40mm_HandSolder (layer F.Cu) (tedit 5B36C52B) (tstamp 5EA96B1A)
    (at 204.9526 71.0692)
    (descr "Capacitor SMD 0805 (2012 Metric), square (rectangular) end terminal, IPC_7351 nominal with elongated pad for handsoldering. (Body size source: https://docs.google.com/spreadsheets/d/1BsfQQcO9C6DZCsRaXUlFlo91Tg2WpOkGARC1WS5S8t0/edit?usp=sharing), generated with kicad-footprint-generator")
    (tags "capacitor handsolder")
    (path /5D20A1B3)
    (attr smd)
    (fp_text reference C10 (at 3.1496 -0.0508 270) (layer F.SilkS) hide
      (effects (font (size 1.5 1.5) (thickness 0.1)))
    )
    (fp_text value 1uF (at 0 1.65) (layer F.Fab)
      (effects (font (size 1 1) (thickness 0.15)))
    )
    (fp_text user %R (at 0 0) (layer F.Fab)
      (effects (font (size 0.5 0.5) (thickness 0.08)))
    )
    (fp_line (start 1.85 0.95) (end -1.85 0.95) (layer F.CrtYd) (width 0.05))
    (fp_line (start 1.85 -0.95) (end 1.85 0.95) (layer F.CrtYd) (width 0.05))
    (fp_line (start -1.85 -0.95) (end 1.85 -0.95) (layer F.CrtYd) (width 0.05))
    (fp_line (start -1.85 0.95) (end -1.85 -0.95) (layer F.CrtYd) (width 0.05))
    (fp_line (start -0.261252 0.71) (end 0.261252 0.71) (layer F.SilkS) (width 0.12))
    (fp_line (start -0.261252 -0.71) (end 0.261252 -0.71) (layer F.SilkS) (width 0.12))
    (fp_line (start 1 0.6) (end -1 0.6) (layer F.Fab) (width 0.1))
    (fp_line (start 1 -0.6) (end 1 0.6) (layer F.Fab) (width 0.1))
    (fp_line (start -1 -0.6) (end 1 -0.6) (layer F.Fab) (width 0.1))
    (fp_line (start -1 0.6) (end -1 -0.6) (layer F.Fab) (width 0.1))
    (pad 2 smd roundrect (at 1.025 0) (size 1.15 1.4) (layers F.Cu F.Paste F.Mask) (roundrect_rratio 0.217391)
      (net 1 GNDA))
    (pad 1 smd roundrect (at -1.025 0) (size 1.15 1.4) (layers F.Cu F.Paste F.Mask) (roundrect_rratio 0.217391)
      (net 6 AVDD2.5V))
    (model ${KISYS3DMOD}/Capacitor_SMD.3dshapes/C_0805_2012Metric.wrl
      (at (xyz 0 0 0))
      (scale (xyz 1 1 1))
      (rotate (xyz 0 0 0))
    )
  )

  (module Capacitor_SMD:C_0805_2012Metric_Pad1.15x1.40mm_HandSolder (layer F.Cu) (tedit 5B36C52B) (tstamp 5EA96B2B)
    (at 206.9846 68.58 180)
    (descr "Capacitor SMD 0805 (2012 Metric), square (rectangular) end terminal, IPC_7351 nominal with elongated pad for handsoldering. (Body size source: https://docs.google.com/spreadsheets/d/1BsfQQcO9C6DZCsRaXUlFlo91Tg2WpOkGARC1WS5S8t0/edit?usp=sharing), generated with kicad-footprint-generator")
    (tags "capacitor handsolder")
    (path /5D22D1EB)
    (attr smd)
    (fp_text reference C11 (at 2.9464 -0.0508 90) (layer F.SilkS) hide
      (effects (font (size 1.5 1.5) (thickness 0.1)))
    )
    (fp_text value 1uF (at 0 1.65) (layer F.Fab)
      (effects (font (size 1 1) (thickness 0.15)))
    )
    (fp_line (start -1 0.6) (end -1 -0.6) (layer F.Fab) (width 0.1))
    (fp_line (start -1 -0.6) (end 1 -0.6) (layer F.Fab) (width 0.1))
    (fp_line (start 1 -0.6) (end 1 0.6) (layer F.Fab) (width 0.1))
    (fp_line (start 1 0.6) (end -1 0.6) (layer F.Fab) (width 0.1))
    (fp_line (start -0.261252 -0.71) (end 0.261252 -0.71) (layer F.SilkS) (width 0.12))
    (fp_line (start -0.261252 0.71) (end 0.261252 0.71) (layer F.SilkS) (width 0.12))
    (fp_line (start -1.85 0.95) (end -1.85 -0.95) (layer F.CrtYd) (width 0.05))
    (fp_line (start -1.85 -0.95) (end 1.85 -0.95) (layer F.CrtYd) (width 0.05))
    (fp_line (start 1.85 -0.95) (end 1.85 0.95) (layer F.CrtYd) (width 0.05))
    (fp_line (start 1.85 0.95) (end -1.85 0.95) (layer F.CrtYd) (width 0.05))
    (fp_text user %R (at 0 0) (layer F.Fab)
      (effects (font (size 0.5 0.5) (thickness 0.08)))
    )
    (pad 1 smd roundrect (at -1.025 0 180) (size 1.15 1.4) (layers F.Cu F.Paste F.Mask) (roundrect_rratio 0.217391)
      (net 3 DVDD3.3V))
    (pad 2 smd roundrect (at 1.025 0 180) (size 1.15 1.4) (layers F.Cu F.Paste F.Mask) (roundrect_rratio 0.217391)
      (net 1 GNDA))
